[gd_scene load_steps=15 format=3]

[ext_resource type="Script" path="res://scripts/main/main.gd" id="1_main"]
[ext_resource type="PackedScene" path="res://scenes/arenas/arena_ffa_large.tscn" id="2_arena"]
[ext_resource type="PackedScene" path="res://scenes/robots/robot_base.tscn" id="3_robot"]
[ext_resource type="PackedScene" path="res://scenes/systems/match_controller.tscn" id="4_controller"]
[ext_resource type="PackedScene" path="res://scenes/ui/match_hud.tscn" id="5_hud"]
[ext_resource type="Script" path="res://scripts/systems/shared_arena_camera.gd" id="6_camera"]
[ext_resource type="Resource" path="res://data/config/robots/ariete_archetype.tres" id="7_ariete"]
[ext_resource type="Resource" path="res://data/config/robots/grua_archetype.tres" id="8_grua"]
[ext_resource type="Resource" path="res://data/config/robots/cizalla_archetype.tres" id="9_cizalla"]
[ext_resource type="Resource" path="res://data/config/robots/patin_archetype.tres" id="10_patin"]
[ext_resource type="Resource" path="res://data/config/robots/aguja_archetype.tres" id="11_aguja"]
[ext_resource type="Resource" path="res://data/config/robots/ancla_archetype.tres" id="12_ancla"]
[ext_resource type="Resource" path="res://data/config/ffa_large_match_config.tres" id="13_config"]

[node name="MainFFALarge" type="Node3D"]
script = ExtResource("1_main")
ffa_spawn_radius = 5.3
ffa_spawn_angle_offset_degrees = 32.0

[node name="ArenaRoot" type="Node3D" parent="."]

[node name="ArenaFFALarge" parent="ArenaRoot" instance=ExtResource("2_arena")]

[node name="RobotRoot" type="Node3D" parent="."]

[node name="SupportRoot" type="Node3D" parent="."]

[node name="PlayerOneRobot" parent="RobotRoot" instance=ExtResource("3_robot")]
transform = Transform3D(1, 0, 0, 0, 1, 0, 0, 0, 1, -3.9, 0.8, -2.6)
robot_id = 1
team_id = 0
display_name = "Player 1"
archetype_config = ExtResource("7_ariete")
is_player_controlled = true

[node name="PlayerTwoRobot" parent="RobotRoot" instance=ExtResource("3_robot")]
transform = Transform3D(-1, 0, 0, 0, 1, 0, 0, 0, -1, 3.9, 0.8, -2.6)
robot_id = 2
team_id = 0
display_name = "Player 2"
archetype_config = ExtResource("8_grua")
is_player_controlled = true

[node name="PlayerThreeRobot" parent="RobotRoot" instance=ExtResource("3_robot")]
transform = Transform3D(-1, 0, 0, 0, 1, 0, 0, 0, -1, 3.9, 0.8, 2.6)
robot_id = 3
team_id = 0
display_name = "Player 3"
archetype_config = ExtResource("9_cizalla")
is_player_controlled = true

[node name="PlayerFourRobot" parent="RobotRoot" instance=ExtResource("3_robot")]
transform = Transform3D(1, 0, 0, 0, 1, 0, 0, 0, 1, -3.9, 0.8, 2.6)
robot_id = 4
team_id = 0
display_name = "Player 4"
archetype_config = ExtResource("10_patin")
is_player_controlled = true

[node name="PlayerFiveRobot" parent="RobotRoot" instance=ExtResource("3_robot")]
transform = Transform3D(0.500001, 0, 0.866025, 0, 1, 0, -0.866025, 0, 0.500001, -5.8, 0.8, 0)
robot_id = 5
team_id = 0
display_name = "Player 5"
archetype_config = ExtResource("11_aguja")
is_player_controlled = true

[node name="PlayerSixRobot" parent="RobotRoot" instance=ExtResource("3_robot")]
transform = Transform3D(-0.500001, 0, -0.866025, 0, 1, 0, 0.866025, 0, -0.500001, 5.8, 0.8, 0)
robot_id = 6
team_id = 0
display_name = "Player 6"
archetype_config = ExtResource("12_ancla")
is_player_controlled = true

[node name="PlayerSevenRobot" parent="RobotRoot" instance=ExtResource("3_robot")]
transform = Transform3D(0.866025, 0, 0.500001, 0, 1, 0, -0.500001, 0, 0.866025, -1.6, 0.8, -4.8)
robot_id = 7
team_id = 0
display_name = "Player 7"
archetype_config = ExtResource("7_ariete")
is_player_controlled = true

[node name="PlayerEightRobot" parent="RobotRoot" instance=ExtResource("3_robot")]
transform = Transform3D(-0.866025, 0, -0.500001, 0, 1, 0, 0.500001, 0, -0.866025, 1.6, 0.8, 4.8)
robot_id = 8
team_id = 0
display_name = "Player 8"
archetype_config = ExtResource("10_patin")
is_player_controlled = true

[node name="Systems" type="Node" parent="."]

[node name="MatchController" parent="Systems" instance=ExtResource("4_controller")]
match_mode = 0
match_config = ExtResource("13_config")
round_reset_delay = 0.85
match_restart_delay = 1.45

[node name="UI" type="Node" parent="."]

[node name="MatchHud" parent="UI" instance=ExtResource("5_hud")]

[node name="Camera3D" type="Camera3D" parent="."]
transform = Transform3D(1, 0, 0, 0, 0.707107, -0.707107, 0, 0.707107, 0.707107, 0, 13.6, 12.7)
projection = 1
current = true
size = 14.2
script = ExtResource("6_camera")
base_orthographic_size = 14.2
target_padding = 3.3

[node name="DirectionalLight3D" type="DirectionalLight3D" parent="."]
transform = Transform3D(0.866025, -0.353553, 0.353553, 0, 0.707107, 0.707107, -0.5, -0.612372, 0.612372, 0, 8, 0)
light_energy = 2.0
