[gd_scene load_steps=2 format=3]

[ext_resource type="PackedScene" path="res://scenes/arenas/arena_blockout.tscn" id="1_arena"]

[node name="ArenaFFALarge" instance=ExtResource("1_arena")]
edge_pickup_layout_profile = "ffa"
arena_id = "ffa_large_arena"
safe_play_area_size = Vector2(22, 15)
support_lane_margin = 1.6
edge_pickup_layout_seed = 10
pressure_band_thickness = 1.0
pressure_band_inset = 0.55
pressure_band_length_ratio = 0.7

[node name="SpawnPlayer1" parent="."]
transform = Transform3D(1, 0, 0, 0, 1, 0, 0, 0, 1, -3.9, 0.8, -2.6)

[node name="SpawnPlayer2" parent="."]
transform = Transform3D(-1, 0, 0, 0, 1, 0, 0, 0, -1, 3.9, 0.8, -2.6)

[node name="SpawnPlayer3" parent="."]
transform = Transform3D(-1, 0, 0, 0, 1, 0, 0, 0, -1, 3.9, 0.8, 2.6)

[node name="SpawnPlayer4" parent="."]
transform = Transform3D(1, 0, 0, 0, 1, 0, 0, 0, 1, -3.9, 0.8, 2.6)

[node name="SpawnPlayer5" type="Marker3D" parent="."]
transform = Transform3D(0.500001, 0, 0.866025, 0, 1, 0, -0.866025, 0, 0.500001, -5.8, 0.8, 0)

[node name="SpawnPlayer6" type="Marker3D" parent="."]
transform = Transform3D(-0.500001, 0, -0.866025, 0, 1, 0, 0.866025, 0, -0.500001, 5.8, 0.8, 0)

[node name="SpawnPlayer7" type="Marker3D" parent="."]
transform = Transform3D(0.866025, 0, 0.500001, 0, 1, 0, -0.500001, 0, 0.866025, -1.6, 0.8, -4.8)

[node name="SpawnPlayer8" type="Marker3D" parent="."]
transform = Transform3D(-0.866025, 0, -0.500001, 0, 1, 0, 0.500001, 0, -0.866025, 1.6, 0.8, 4.8)

[node name="WestCover" parent="CoverBlocks"]
transform = Transform3D(1, 0, 0, 0, 1, 0, 0, 0, 1, -5.8, 0.45, 1.9)

[node name="EastCover" parent="CoverBlocks"]
transform = Transform3D(1, 0, 0, 0, 1, 0, 0, 0, 1, 5.8, 0.45, -1.9)

[node name="WestRepairPickup" parent="."]
transform = Transform3D(1, 0, 0, 0, 1, 0, 0, 0, 1, -8.4, 0.3, -2.4)

[node name="EastRepairPickup" parent="."]
transform = Transform3D(1, 0, 0, 0, 1, 0, 0, 0, 1, 8.4, 0.3, 2.4)

[node name="NorthMobilityPickup" parent="."]
transform = Transform3D(1, 0, 0, 0, 1, 0, 0, 0, 1, 2.8, 0.3, -7.1)

[node name="SouthMobilityPickup" parent="."]
transform = Transform3D(1, 0, 0, 0, 1, 0, 0, 0, 1, -2.8, 0.3, 7.1)

[node name="NorthChargePickup" parent="."]
transform = Transform3D(1, 0, 0, 0, 1, 0, 0, 0, 1, -0.8, 0.3, -7.5)

[node name="SouthChargePickup" parent="."]
transform = Transform3D(1, 0, 0, 0, 1, 0, 0, 0, 1, 0.8, 0.3, 7.5)

[node name="NorthUtilityPickup" parent="."]
transform = Transform3D(1, 0, 0, 0, 1, 0, 0, 0, 1, 5.1, 0.3, -7.2)

[node name="SouthUtilityPickup" parent="."]
transform = Transform3D(1, 0, 0, 0, 1, 0, 0, 0, 1, -5.1, 0.3, 7.2)

[node name="NorthWestEnergyPickup" parent="."]
transform = Transform3D(1, 0, 0, 0, 1, 0, 0, 0, 1, -7.6, 0.3, -5.6)

[node name="SouthEastEnergyPickup" parent="."]
transform = Transform3D(1, 0, 0, 0, 1, 0, 0, 0, 1, 7.6, 0.3, 5.6)

[node name="NorthEastPulsePickup" parent="."]
transform = Transform3D(1, 0, 0, 0, 1, 0, 0, 0, 1, 7.6, 0.3, -5.6)

[node name="SouthWestPulsePickup" parent="."]
transform = Transform3D(1, 0, 0, 0, 1, 0, 0, 0, 1, -7.6, 0.3, 5.6)
